	0
	0
	0
	0
	0
	0
	11
	22
	6
	9
	14
	12
	9
	13
	7
	10
	7
	13
	16
	18
	7
	16
	9
	15
	13
	14
	19
	17
	12
	15
	16
	25
	18
	15
	19
	15
	16
	20
	21
	20
	17
	16
	16
	21
	29
	14
	17
	16
	21
	23
	22
	21
	21
	25
	19
	15
	20
	19
	19
	22
	31
	34
	41
	98
	244
	701
	1490
	2510
	3353
	3718
	4065
	4322
	4512
	4552
	4786
	4601
	4698
	4828
	4794
	4864
	4897
	4922
	5036
	5041
	5035
	4967
	5029
	4906
	5126
	5133
	5059
	5120
	4983
	5003
	5233
	5136
	5095
	5162
	5081
	5070
	5204
	5002
	5090
	5044
	5113
	5199
	5221
	5013
	5213
	5233
	5062
	5177
	5250
	5193
	5238
	5370
	5241
	5262
	5225
	5399
	5269
	5260
	5340
	5361
	5417
	5391
	5371
	5423
	5464
	5415
	5445
	5459
	5506
	5388
	5549
	5485
	5678
	5552
	5637
	5734
	5749
	5736
	5707
	5776
	5688
	5783
	5749
	5784
	5829
	5967
	5872
	6021
	5947
	5895
	6141
	6072
	6087
	5922
	6050
	6141
	6214
	6212
	6302
	6140
	6281
	6334
	6314
	6482
	6416
	6521
	6381
	6532
	6693
	6558
	6600
	6607
	6727
	6805
	6846
	6747
	6809
	6905
	6976
	6847
	6946
	7012
	7001
	7164
	7288
	7136
	7300
	7139
	7476
	7467
	7418
	7527
	7613
	7502
	7479
	7668
	7516
	7652
	7678
	7800
	7851
	7820
	7849
	7947
	8004
	8077
	8096
	8342
	8244
	8389
	8372
	8570
	8327
	8567
	8520
	8676
	8630
	8748
	8652
	8765
	8955
	9102
	8771
	9122
	9171
	9247
	9032
	8993
	9323
	9302
	9467
	9574
	9509
	9429
	9738
	9698
	9572
	9941
	9874
	9889
	10122
	10081
	9904
	10181
	10270
	10328
	10168
	10261
	10446
	10410
	10374
	10653
	10582
	10615
	10680
	10660
	11079
	10923
	10786
	11161
	10931
	11187
	11143
	11151
	11222
	11200
	11300
	11250
	11648
	11432
	11394
	11725
	11626
	11570
	11714
	11818
	11704
	11675
	11972
	11984
	11943
	12034
	11846
	12310
	12257
	12091
	12158
	12048
	12385
	12441
	12312
	12319
	12421
	12535
	12540
	12510
	12544
	12714
	12669
	12497
	12817
	12653
	12847
	12740
	12951
	12792
	12660
	13097
	13019
	13000
	13146
	13097
	13045
	13052
	12962
	13047
	13122
	13300
	13129
	13258
	13682
	13156
	13184
	13365
	13528
	13485
	13408
	13262
	13576
	13645
	13370
	13511
	13264
	13344
	13302
	13219
	13448
	13490
	13353
	13541
	13560
	13399
	13328
	13295
	13552
	13188
	13283
	13431
	13340
	13176
	12987
	13045
	13286
	13270
	13094
	13235
	13037
	13097
	12959
	13028
	13115
	13054
	12794
	13216
	13078
	12923
	13153
	12855
	12759
	12567
	12599
	12517
	12479
	12480
	12388
	12338
	12565
	12314
	12359
	12347
	12249
	12202
	12263
	12255
	12349
	11748
	11866
	11922
	11752
	11784
	11755
	11829
	11635
	11732
	11540
	11510
	11393
	11474
	11345
	11334
	11296
	11291
	10988
	11076
	10895
	10857
	10765
	10741
	10898
	10791
	10654
	10585
	10427
	10378
	10367
	10349
	10341
	10034
	9991
	9923
	10052
	9926
	9703
	9755
	9757
	9606
	9579
	9447
	9214
	9281
	9271
	9317
	9194
	9241
	8933
	8935
	8877
	8774
	8722
	8686
	8550
	8474
	8375
	8513
	8242
	8282
	8227
	8029
	7945
	8027
	7881
	7801
	7844
	7641
	7678
	7510
	7439
	7382
	7338
	7274
	7114
	7174
	7029
	7012
	6933
	6729
	6825
	6674
	6664
	6696
	6404
	6477
	6394
	6202
	6221
	6236
	6195
	6008
	6045
	5852
	5804
	5789
	5771
	5693
	5737
	5497
	5427
	5354
	5407
	5062
	5192
	5092
	5129
	4977
	4914
	4978
	5026
	4793
	4732
	4749
	4662
	4684
	4562
	4596
	4545
	4366
	4277
	4284
	4248
	4163
	4052
	4091
	4138
	4006
	3925
	3853
	3887
	3766
	3588
	3640
	3676
	3603
	3554
	3451
	3454
	3447
	3319
	3328
	3315
	3260
	3146
	3107
	3069
	2881
	2941
	2945
	3078
	2936
	2829
	2805
	2757
	2746
	2597
	2544
	2651
	2578
	2603
	2598
	2506
	2528
	2400
	2381
	2335
	2303
	2249
	2205
	2237
	2117
	2139
	2064
	2125
	2078
	2055
	1997
	1953
	1974
	2020
	1829
	1886
	1850
	1771
	1757
	1721
	1815
	1709
	1645
	1622
	1731
	1613
	1565
	1603
	1640
	1547
	1533
	1575
	1487
	1426
	1464
	1410
	1455
	1388
	1424
	1365
	1350
	1337
	1329
	1310
	1283
	1229
	1298
	1270
	1157
	1141
	1196
	1193
	1152
	1097
	1144
	1161
	1105
	1060
	1094
	1116
	1084
	1106
	1006
	1016
	1015
	954
	1045
	974
	945
	1031
	1014
	942
	957
	948
	921
	914
	942
	898
	890
	881
	883
	851
	848
	836
	862
	820
	815
	861
	875
	808
	816
	779
	791
	831
	789
	739
	783
	748
	756
	766
	730
	820
	678
	770
	744
	734
	703
	735
	673
	688
	636
	698
	660
	687
	709
	701
	664
	689
	652
	615
	647
	638
	670
	642
	682
	646
	598
	615
	643
	592
	629
	604
	591
	641
	601
	588
	610
	582
	564
	609
	588
	593
	530
	580
	612
	565
	611
	544
	579
	566
	569
	518
	613
	555
	536
	528
	535
	565
	559
	571
	494
	528
	535
	521
	520
	553
	503
	511
	495
	470
	528
	538
	510
	527
	485
	500
	492
	462
	514
	443
	492
	533
	472
	434
	442
	476
	462
	467
	447
	456
	460
	412
	455
	445
	415
	420
	417
	394
	438
	429
	386
	392
	420
	391
	401
	392
	379
	409
	454
	400
	395
	403
	350
	392
	361
	395
	380
	376
	371
	329
	342
	363
	370
	386
	350
	339
	321
	337
	352
	309
	326
	337
	320
	310
	330
	278
	305
	313
	347
	280
	286
	297
	323
	280
	278
	249
	273
	305
	269
	297
	262
	266
	280
	265
	274
	263
	263
	266
	253
	267
	269
	266
	258
	255
	227
	222
	221
	218
	233
	207
	192
	217
	223
	211
	206
	204
	211
	228
	213
	186
	187
	190
	171
	160
	199
	196
	179
	188
	164
	177
	192
	151
	161
	168
	165
	177
	152
	146
	152
	133
	158
	128
	149
	148
	156
	157
	145
	138
	136
	124
	139
	145
	133
	130
	114
	111
	133
	104
	112
	118
	126
	118
	108
	118
	109
	93
	102
	101
	117
	69
	89
	100
	97
	88
	86
	90
	89
	91
	89
	82
	85
	83
	96
	96
	83
	85
	87
	76
	82
	70
	69
	75
	84
	62
	72
	81
	65
	73
	63
	68
	69
	59
	67
	66
	62
	56
	60
	58
	75
	41
	55
	48
	58
	51
	65
	50
	59
	41
	55
	37
	47
	47
	54
	49
	49
	45
	43
	43
	41
	41
	30
	33
	50
	31
	38
	41
	35
	37
	34
	35
	30
	48
	33
	37
	29
	38
	24
	45
	30
	32
	21
	35
	33
	34
	20
	33
	30
	28
	28
	28
	24
	31
	29
	24
	31
	29
	35
	21
	29
	25
	30
	28
	26
	28
	21
	29
	22
	21
	19
	13
	29
	18
	20

